Afghan_Hound	1a	1	01503	New
0	2b	3	00101	00501
0	3b	1	00601	02001
0	4b	2	01101	01303
0	5b	9	01501	02301
0	6b	1	01503	00301
Alaskan_Malamute	1b	4	08201	05401
0	2c	7	00201	00101
0	3c	1	01301	00501
0	4c	6	01501	00301
0	5c	5	01501	02002
0	6c	1	01501	02301
Australian_Cattle_Dog	1c	1	02901	00401
0	2d	1	01301	00501
0	3d	2	01501	02301
Australian_Shepherd_Dog	1d	1	04001	01901
0	2e	2	00601	00701
0	3e	2	010011	01501
Basset_Hound	1e	4	01501	02301
0	2f	8	00101	00201
0	3f	27	00102	00201
0	4f	9	00201	00101
0	5f	3	00202	00101
0	6f	20	00601	00802
0	7f	30	00601	00701
0	8f	2	00801	00401
0	9f	1	01301	00501
Beagle	1f	13	01501	00101
0	2g	2	00601	00701
0	3g	1	01301	00201
0	4g	1	01501	02002
Bernese_Mountain_Dog	1g	1	04801	00802
0	2h	5	00601	00701
0	3h	1	00901	00201
0	4h	1	00901	008011
0	5h	5	01301	00201
0	6h	17	01501	02301
0	7h	1	01501	00101
Bichon_Frise	1h	2	01502	00101
0	2i	1	00601	01303
Bouvier	1i	1	02001	01303
0	2j	29	00401	01501
0	3j	4	00601	00701
0	4j	2	01201	01303/01701
0	5j	13	01301	00201
Boxer	1j	10	01502	02301
0	2k	1	00601	00701
0	3k	3	01501	02301
0	4k	2	01502	02301
Bulldog	1k	1	04801	00802
0	2l	3	01501	00101
0	3l	2	00101	00201
0	4l	2	01503	00301
0	5l	1	01801	00802
Chow_Chow	1l	4	02001	01303
0	2m	1	00101	00201
0	3m	1	00101	03601
0	4m	1	00201	00802
0	5m	6	00201	00101
0	6m	1	00601	01303
0	7m	1	00901	00802
0	8m	1	01201	01303
0	9m	1	01201	01303/01701
0	am	2	01301	00201
0	bm	3	01501	02301
0	cm	2	01502	02301
0	dm	1	01701	01303
Collie	1m	2	01801	00201
0	2n	1	00901	00802
0	3n	1	01501	00301
0	4n	2	01801	00201
0	5n	2	01801	00802
Collie_(Bearded)	1n	1	New	00201
0	2o	4	00101	00201
0	3o	5	00201	00101
0	4o	1	00901	00802
0	5o	1	01201	00201
0	6o	6	01301	00201
0	7o	11	01501	02301
0	8o	1	01501	00101
0	9o	2	01502	02301
0	ao	1	01801	00201
0	bo	1	02001	01303
0	co	5	02301	00501
Collie_(Border)	1o	1	05401	02301
0	2p	1	00201	00101
Collie_(Rough)	1p	1	01501	00101
0	2q	1	00201	00101
0	3q	1	01501	00301
0	4q	1	01501	01101
0	5q	1	01501	02002
0	6q	1	01501	02301
0	7q	2	01801	00201
Corgi	1q	1	01801	00802
0	2r	2	00101	00201
0	3r	1	00901	008011
Dachshund	1r	1	07301	01303
0	2s	2	00101	00201
0	3s	1	01501	02002
0	4s	1	01502	02301
Dachshund_(Long_Haired)	1s	1	04801	00802
0	2t	6	00101	00201
0	3t	5	00203	00101
0	4t	1	00901	008011
0	5t	1	01201	00201
0	6t	1	01502	02301
0	7t	1	04801	00802
Dachshund_(Miniature_Short_Haired)	1t	4	07301	01303
0	2u	1	00101	00201
Dachshund_(Miniature)	1u	1	00901	008011
0	2v	1	00101	00201
0	3v	1	00201	00101
0	4v	1	00901	008011
Dachshund_(Short_Haired)	1v	2	01201	01303/01701
Dachshund_(Wire_Haired)	1w	1	00101	00201
0	2x	1	00601	00701
0	3x	2	01502	02301
0	4x	2	02001	01303
Dalmatian	1x	1	New	01303
0	2y	1	01503	02002
Deerhound	1y	1	01601	00802
0	2z	21	00201	00101
0	3z	164	00601	01303
0	4z	16	00601	00701
0	5z	3	00601	01303
0	6z	1	00901	008011
0	7z	57	01201	00201
Doberman	1z	8	01501	00101
0	2aa	1	01201	01303/01701
German_Langhaar	1aa	1	01501	02601
0	2ab	1	00101	00201
0	3ab	1	00401	01501
0	4ab	7	01101	01302
0	5ab	8	01501	00301
0	6ab	3	01501	02301
0	7ab	1	01801	00802
0	8ab	1	04001	01901
0	9ab	1	New	00201
German_Shepherd_Dog_Spain	1ab	1	New	00501
0	2ac	4	00101	00201
0	3ac	3	00102	00201
0	4ac	1	00201	00101
0	5ac	1	00601	00701
0	6ac	1	00901	008011
0	7ac	6	01101	01302
0	8ac	4	01501	00301
German_Shepherd_Dog_UK	1ac	1	01501	02301
0	2ad	1	00101	00201
0	3ad	1	00101	00401
0	4ad	1	00601	00701
0	5ad	2	00601	00701
0	6ad	3	01201	01303/01701
Great_Dane	1ad	2	01601	00201
0	2ae	2	00201	00101
0	3ae	3	01301	00201
0	4ae	1	01501	02002
Hovawart	1ae	1	01501	02301
0	2af	2	00201	00101
0	3af	2	00601	00701
0	4af	4	01201	01303/01701
0	5af	4	01502	02301
0	6af	3	04001	01901
0	7af	1	04701	New
0	8af	2	07001	05001
Husky_(Alaskan)	1af	2	07801	01303
0	2ag	1	00101	00201
Husky_(Siberian)	1ag	1	04001	01901
0	2ah	1	00101	00201
0	3ah	18	00601	00701
0	4ah	15	00802	00401
0	5ah	12	00901	008011
0	6ah	21	01503	04801
0	7ah	7	01801	00802
Ibizan_Hound	1ah	16	06901	00201
0	2ai	1	00201	00101
Irish_Wolfhound	1ai	1	01501	02002
0	2aj	1	00201	00101
Japanese_Akita	1aj	1	00101	00201
0	2ak	34	00101	00201
0	3ak	1	00101	00802
0	4ak	23	00601	00701
0	5ak	3	00601	02001
0	6ak	4	00802	00401
0	7ak	1	01101	01302
0	8ak	48	01201	01303/01701
0	9ak	2	01501	00301
0	aak	16	01501	02301
0	bak	1	01502	00301
0	cak	24	01502	02301
0	dak	2	02001	01303
Labrador_(Retriever)	1ak	1	New	00802
0	2al	1	01501	02001
Lagotto_Romagnola	1al	1	04801	008011
0	2am	1	00101	New
0	3am	1	010011	01501
0	4am	3	01501	01901/02201
0	5am	10	01501	02301
0	6am	5	01501	New
0	7am	3	02001	01303
Laika_(West_Siberian)	1am	1	04001	01901
Leonburger	1an	1	01601	00201
0	2ao	2	00601	00701
0	3ao	1	01501	00301
0	4ao	1	01501	02301
0	5ao	2	01502	02301
0	6ao	1	01502	02601
Lhasa_Apso	1ao	1	02001	01303
0	2ap	1	00101	00201
0	3ap	1	00201	00101
0	4ap	1	00601	01303
Lurcher	1ap	3	01801	00802
0	2aq	11	00101	00201
0	3aq	6	00101	03601
0	4aq	2	00101	00401
0	5aq	2	00102	00201
0	6aq	3	00201	00101
0	7aq	3	00601	01303
0	8aq	11	00601	00701
0	9aq	10	00901	008011
0	aaq	2	00901	00802
0	baq	12	01101	01303
0	caq	10	01301	00201
0	daq	5	01301	00501
0	eaq	2	01501	00301
0	faq	5	01501	00301
0	gaq	4	01501	02001
0	haq	4	01501	02002
0	iaq	10	01501	02301
0	jaq	14	01501	02601
0	kaq	2	01501	00301
0	laq	12	01502	02301
0	maq	4	01702	01304
0	naq	4	01801	00802
0	oaq	5	02001	01303
0	paq	5	02301	00501
0	qaq	3	02501	03501
0	raq	1	02901	00401
0	saq	2	04601	00802
0	taq	3	04801	008011
0	uaq	1	04801	00802
0	vaq	1	04901	03901
0	waq	2	05001	02302
0	xaq	3	05101	02901
Mongrel_Brazilian	1aq	24	05201	03501
0	2ar	20	00201	00101
0	3ar	14	00601	00701
0	4ar	32	00601	02001
0	5ar	35	01201	01303/01701
0	6ar	11	01301	00201
0	7ar	6	01501	02301
0	8ar	9	02001	01303
Newfoundland	1ar	6	03001	00301
0	2as	1	01501	02301
Norwegian_Elkhound	1as	1	07601	02301
0	2at	1	01501	02301
Papillon	1at	2	04601	00802
0	2au	1	00101	00201
Petit_Basset_Griffon_Vendeen	1au	1	00601	00701
Pharaoh_Hound	1av	1	08301	01303
0	2aw	1	00901	008011
Pointer	1aw	1	04801	008011
0	2ax	1	00101	00201
Pointer_(German_Short_haired)	1ax	1	00901	008011
0	2ay	1	01301	00201
Polish_Lowland_Sheepdog	1ay	1	01501	00101
0	2az	1	00601	00701
0	3az	2	01301	00201
Pomeranian	1az	1	New	02301
0	2ba	1	00301	00802
Poodle	1ba	2	01501	02601
0	2bb	4	00101	03601
0	3bb	2	00601	00701
0	4bb	2	010011	01501
0	5bb	1	01301	00201
0	6bb	1	01501	02002
0	7bb	12	01501	02301
0	8bb	1	01501	02601
0	9bb	1	01502	02301
0	abb	1	01503	02301
0	bbb	2	01503	02301
Poodle_(Miniature)	1bb	2	New	00802
0	2bc	1	00601	00701
0	3bc	2	01501	02301
Poodle_(Standard)	1bc	1	01503	02301
0	2bd	1	00101	03601
0	3bd	1	00201	00101
0	4bd	1	00301	00802
0	5bd	1	00501	00501
0	6bd	3	01501	02301
0	7bd	2	01502	02601
Poodle_(Toy)	1bd	1	02301	00501
0	2be	36	00101	00201
0	3be	12	00103	00201
0	4be	1	00601	00701
0	5be	14	010011	01501
0	6be	13	01501	02002
0	7be	51	01501	02301
0	8be	39	07601	02301
Poodle-Beagle-Elkhound_X	1be	1	New	00201
0	2bf	1	01501	02002
0	3bf	1	01503	02301
0	4bf	1	02601	008011
0	5bf	1	08401	02301
Pudl_(medium)	1bf	1	08401	00101
0	2bg	1	01501	02301
0	3bg	1	01502	02601
Pudl_(mini)	1bg	1	08401	00101
0	2bh	1	00601	00701
Retriever_(Chesapeake_Bay)	1bh	1	00901	008011
0	2bi	1	00401	00201
0	3bi	1	01201	00201
0	4bi	1	01201	00201
0	5bi	1	01301	00201
Retriever_(Flatcoat)	1bi	2	01501	02301
0	2bj	2	00101	00201
0	3bj	1	00601	00701
0	4bj	5	00601	02001
0	5bj	3	00901	008011
0	6bj	14	01201	01303
0	7bj	4	01201	01303/01701
0	8bj	1	01501	00301
0	9bj	10	01501	02301
0	abj	1	01502	02301
0	bbj	1	01901	01303
Retriever_(Golden)	1bj	10	02001	01303
0	2bk	46	00101	00201
0	3bk	5	00101	03601
0	4bk	28	00601	01303
0	5bk	1	00601	00701
0	6bk	36	01301	00201
0	7bk	24	01801	00802
Rhodesian_Ridgeback	1bk	8	02001	01303
0	2bl	7	00101	00401
Rottweiler	1bl	6	00601	00701
0	2bm	1	00901	008011
0	3bm	2	00901	00802
0	4bm	4	00901	04601
0	5bm	14	01501	01901/02201
0	6bm	3	02001	01303
Samoyed	1bm	1	04001	01901
0	2bn	1	00101	00201
0	3bn	3	00101	03601
0	4bn	1	00901	00201
0	5bn	10	00901	008011
0	6bn	3	01301	00201
0	7bn	1	01502	008011
0	8bn	1	01502	00301
Schnauzer_(Miniature)	1bn	1	01502	02301
0	2bo	34	00101	00201
0	3bo	1	00103	00201
0	4bo	11	00601	00701
0	5bo	2	00901	008011
0	6bo	4	01301	00201
Setter_(English)	1bo	1	01502	02301
0	2bp	4	00101	00201
0	3bp	1	00601	00701
0	4bp	2	00901	008011
Setter_(Gordon)	1bp	1	01801	00201
0	2bq	3	00101	00201
0	3bq	2	00103	00201
Setter_(Irish)	1bq	1	02001	01303
0	2br	1	00401	01501
0	3br	1	00601	00701
0	4br	4	01301	00201
0	5br	1	01502	02301
Sheepdog_(Old_English)	1br	1	01801	00802
0	2bs	2	00201	00101
0	3bs	1	00202	00101
Sheepdog_(Shetland)	1bs	2	01501	00101
0	2bt	1	00102	008011
0	3bt	1	00901	008011
0	4bt	1	01301	02601
0	5bt	2	01501	01303
0	6bt	1	01501	04901
0	7bt	1	02001	01303
0	8bt	1	03202	008011
0	9bt	1	New	008011
0	abt	1	New	02002
Shepherd_Dog_(Caucasian)	1bt	1	New	02101
0	2bu	1	00101	00201
0	3bu	1	00101	00401
0	4bu	3	00201	00101
0	5bu	4	00601	00701
0	6bu	4	00901	008011
0	7bu	1	010011	01901
0	8bu	3	01501	00301
0	9bu	5	01501	02301
0	abu	4	01501	04901
0	bbu	5	01501	New
0	cbu	1	01502	01302
0	dbu	4	01502	02301
0	ebu	2	02001	01302
0	fbu	7	02001	01303
0	gbu	1	02501	03501
0	hbu	1	03202	01302
0	ibu	6	04801	03101
0	jbu	1	04801	New
0	kbu	1	05301	00501
0	lbu	1	05301	00502
0	mbu	1	07401	New
0	nbu	1	07401	00701
Shepherd_Dog_(Middle_Asian)	1bu	8	08001	None
0	2bv	1	05301	00501
0	3bv	6	00601	00701
0	4bv	3	02001	01303
0	5bv	1	01501	02301
0	6bv	3	01502	02301
0	7bv	7	02501	03501
Shih_Tzu	1bv	4	03301	03801
0	2bw	1	00601	02001
0	3bw	5	00901	008011
0	4bw	9	01101	01303
Spaniel_(Cavalier_King_Charles)	1bw	8	02001	01303
0	2bx	1	00101	00201
0	3bx	2	00102	00201
0	4bx	21	00601	00701
0	5bx	2	00601	02001
0	6bx	2	00901	008011
0	7bx	1	01101	01303
0	8bx	1	01201	01303/01701
0	9bx	1	01501	00301
0	abx	2	01501	02002
Spaniel_(Cocker)	1bx	1	01503	00101
0	2by	2	00101	01303
0	3by	1	00501	00501
0	4by	2	00601	00701
0	5by	1	00802	00401
0	6by	1	01201	01303/01701
0	7by	2	01501	00301
0	8by	3	01501	02002
0	9by	2	01501	02301
Spaniel_(Springer)	1by	2	02001	01303
Spitz_(German)	1bz	1	00901	008011
0	2ca	1	00901	008011
St_Bernard	1ca	1	02001	01303
0	2cb	4	00101	00201
0	3cb	2	00101	03601
0	4cb	2	00102	00201
0	5cb	1	00201	00101
0	6cb	2	00501	00501
0	7cb	2	00601	00701
0	8cb	8	00901	008011
0	9cb	2	01501	00301
0	acb	3	01501	02002
0	bcb	3	01501	02301
0	ccb	4	08101	00802
Tanzanian_mongrel	1cb	3	New	02301
Terrier_(Airedale)	1cc	2	00601	02801
0	2cd	4	00201	00101
0	3cd	1	00201	00802
0	4cd	1	00201	03001
0	5cd	1	00202	00101
0	6cd	2	00501	02301
0	7cd	1	00802	00502
0	8cd	1	01101	01302
0	9cd	6	01501	02002
Terrier_(Border)	1cd	1	02001	01303
0	2ce	1	00601	01303
Terrier_(Bull)	1ce	1	01301	00201
0	2cf	2	00101	00201
0	3cf	1	00201	00101
0	4cf	3	00901	008011
0	5cf	1	01501	00301
0	6cf	1	01501	01101
0	7cf	6	01501	02301
Terrier_(Cairn)	1cf	7	01502	02301
Terrier_(Fox)	1cg	1	01301	00201
0	2ch	10	00101	00201
0	3ch	1	00101	00501
0	4ch	6	00101	03601
0	5ch	1	00101	01303
0	6ch	1	00101	00501
0	7ch	1	00102	00201
0	8ch	5	00201	00101
0	9ch	1	00501	00501
0	ach	4	00601	00701
0	bch	1	00901	00201
0	cch	6	00901	008011
0	dch	2	00901	00802
0	ech	2	01101	01302
0	fch	2	01201	01303/01701
0	gch	6	01301	00201
0	hch	2	01501	00301
0	ich	3	01501	02201
0	jch	6	01501	02301
0	kch	1	01502	02301
0	lch	1	01701	01303
0	mch	1	01801	00201
0	nch	4	01801	00802
Terrier_(Jack_Russell)	1ch	1	02001	01303
0	2ci	1	00901	00101
Terrier_(Lakeland)	1ci	1	07601	02201
0	2cj	1	01501	05301
Terrier_(Maltese)	1cj	1	07401	00701
Terrier_(Norwich)	1ck	1	01502	02301
0	2cl	1	00101	00201
0	3cl	2	00901	008011
Terrier_(Scottish)	1cl	1	01501	00201
0	2cm	1	00601	00701
Terrier_(Soft_Coated_Wheaten)	1cm	1	01501	02301
0	2cn	12	00101	00201
0	3cn	1	00201	00101
0	4cn	1	00601	00701
0	5cn	9	01301	00201
0	6cn	1	01501	02301
Terrier_(Staffs_Bull)	1cn	3	01501	00101
0	2co	1	00101	00201
0	3co	4	07901	00201
0	4co	1	00601	00701
0	5co	1	00901	008011
0	6co	1	00101	02301
0	7co	1	01501	02301
Terrier_(Tibetan)	1co	1	01502	02301
0	2cp	12	00101	00201
0	3cp	11	00101	00101
0	4cp	2	01501	00301
0	5cp	4	01501	01101
0	6cp	7	01501	02002
0	7cp	2	01501	00101
0	8cp	1	01501	02601
0	9cp	1	01502	02301
Terrier_(West_Highland_White)	1cp	1	01801	00201
0	2cq	2	00101	03601
0	3cq	5	00201	00101
0	4cq	3	00202	00101
0	5cq	1	00501	00501
0	6cq	27	00601	00701
0	7cq	4	00601	02801
0	8cq	1	00801	00401
0	9cq	1	01101	01302
0	acq	2	01301	00201
0	bcq	1	01501	02002
0	ccq	6	01501	02201
0	dcq	3	01501	02301
0	ecq	1	01502	00301
0	fcq	1	01502	02201
0	gcq	8	01502	02301
0	hcq	1	01701	01303
0	icq	3	02301	00501
0	jcq	1	05201	03501
Terrier_(Yorkshire)	1cq	2	07501	01303
Vizsla_Hungarian	1cr	2	02001	01303
0	2cs	3	00601	00701
0	3cs	2	01101	01302
0	4cs	1	01101	01303
0	5cs	1	01501	00101
0	6cs	1	01502	00301
0	7cs	5	01502	02301
0	8cs	3	02001	01303
0	9cs	1	04801	03101
0	acs	2	New	00701
0	bcs	1	New	02002
Volfdog_(Caucasian)	1cs	2	New	02301
0	2ct	1	00101	00201
0	3ct	2	01201	01303/01701
Weimaraner	1ct	3	01501	02002
0	2cu	15	00101	00201
0	3cu	1	00101	03601
0	4cu	1	00101	00501
0	5cu	3	00101	00101
0	6cu	1	00103	00201
0	7cu	14	00201	00101
0	8cu	1	00401	01501
0	9cu	1	00601	01303
0	acu	5	00601	00701
0	bcu	1	00601	02801
0	ccu	1	00801	00401
0	dcu	1	00802	00401
0	ecu	1	00901	00201
0	fcu	8	00901	008011
0	gcu	7	01101	01302
0	hcu	7	01201	01303/01701
0	icu	9	01301	00201
0	jcu	1	01501	01303
0	kcu	9	01501	00301
0	lcu	4	01501	02201
0	mcu	7	01501	02301
0	ncu	3	01501	00101
0	ocu	2	01501	05301
0	pcu	13	01502	02301
0	qcu	1	01502	00101
0	rcu	1	01801	00201
0	scu	4	01801	00802
0	tcu	9	02001	01303
0	ucu	5	02301	00501
X-Crossbreed	1cu	2	07601	02301
